0  3

0+x*1=3-x*1
2*x=3

0+1*x=4-x*1

0 1 2 3
3 0 1 2
3 2 0 1
3 2 1 0
2 0 1 3
1 0 2 3
3 1 0 2
2 1 0 3

8*a0*a1+4*a2*a1+4*a2*a3+4*a0*a2+2*a1*a3+2*a0*a3

a0*(8a1+4a2+2a3)+a1*(4a2+2a3)+a2*(4a3)
0 1 2
2 0 1
1 0 2 
2 1 0

4*a0*a1+2*a1*a2+2*a0*a2
a0*(4*a1+2*a2)+a1*(2*a2)

0 1 2 3 4

3 2 0 1 4
4 3 2 0 1
4 2 0 1 3
2 0 1 3 4

0 1 2 3 4
3 0 1 2 4
4 0 1 2 3
4 3 0 1 2 

2 0 1 3 4
4 2 0 1 3

3 2 0 1 4 

0 1 2 3 4
4 0 1 2 3
3 2 0 1 4
4 3 2 0 1

3 0 1 2 4
4 2 0 1 3 

0 1 2 3 4
2 0 1 3 4
4 3 2 0 1 
1 0 2 3 4


 
a0*(16a1+8a2+4*a3+2*a4)+a1*(8*a2+4*a3+2*a4)+a2*(8*a3+4*a4)+a3*(8*a4)  16+8+4+2+8+4+2+8+4+8=64
0 1
a0*(2*a1)

0 1 2
a0*(4*a1+2*a2)+a1*(2*a2)

0 1 2 3
a0*(8a1+4a2+2a3)+a1*(4*a2+2*a3)+a2*(4*a3)

0 1 2 3 4
a0*(16*a1+8*a2+4*a3+2*a4)+a1*(8*a2+4*a3+2*a4)+a2*(8*a3+4*a4)+a3*(8*a4)



0 1 2 3 4

16 16 16 16
0 8 12 14
0 0 8 12
0 0 0 8
0 0 0 0

16-16 16-8-8 16-4-4-8 16-2-2-4-8

1 2 3
8 8 8
0 4 6
0 0 4
0 0 0

8-8 8-4-4 8-2-2-4

1 2 3 4
1*(36)+2*(20)+3*(16)
36+40+48
88+36
124